store_id,region,lat,long,pct
1,AU/NZ,-37.821809304604066,145.03238393902666,0.13
2,AU/NZ,-31.953517910631174,115.85566926912668,0.13
3,AU/NZ,-27.467427346254027,153.0265775000013,0.04
4,AU/NZ,-33.86439468768374,151.2045199441792,0.15
5,AU/NZ,-35.275074667352065,149.12823749206018,0.11
6,AU/NZ,-41.29087822031926,174.77955133862653,0.14
7,AU/NZ,-41.29091344555314,174.78038133862657,0.11
8,AU/NZ,-36.85186042686983,174.78193293122305,0.14
9,AU/NZ,-39.48469203436597,176.89465649206014,0.05
10,UK,52.03308602360334,-0.7705580846566411,0.2
11,UK,53.4769184711784,-2.2429553288358397,0.38
12,UK,51.54476843207322,-0.12467233862656445,0.42
13,US,39.75829539045761,-105.00794108465662,0.31
14,US,40.75652115759879,-73.98116415767146,0.25
15,US,37.78593088366165,-122.40513672883586,0.24
16,US,43.65096966830871,-79.38675933862658,0.2
